P -324.0000, 195.0000, -7.0000,  0, 127, 127,  2,  A_slave_beast
P 449.0000, 241.0000, 0.0000,  0, 127, 127,  2,  A_starved_vulfwere
P -153.0000, 741.0000, 0.0000,  0, 127, 127,  2,  Ancient_Howl-Speak
P 11.0000, -82.0000, 0.0000,  0, 127, 127,  2,  Druid_Fang-Speak
P 175.0000, 697.0000, 0.0000,  0, 127, 127,  2,  Ravager_Death-Claw
P 650.0000, 300.0000, -80.0000,  0, 127, 127,  2,  Stonefin
P -609.0000, 276.0000, 0.0000,  0, 127, 127,  2,  The_Bond_Crafter
P -339.0000, 12.0000, 0.0000,  0, 127, 127,  2,  The_Flesh_Crafter
P -432.0000, 299.0000, 0.0000,  0, 127, 127,  2,  The_Gem_Crafter
P -940.0000, 620.0000, -42.0000,  0, 127, 127,  2,  The_Great_Crafter
