P 880.0000, -1250.0000, 0.0000,  0, 127, 127,  2,  Vilma
P 368.0000, -1946.0000, -122.0000,  0, 127, 127,  2,  Underchurch_Food_Storage
P 564.0000, -1174.0000, -52.0000,  0, 127, 127,  2,  Tvidrik_the_Corrupt
P 471.0000, -899.0000, 0.0000,  0, 127, 127,  2,  Training_Master_Vaenla
P -433.0000, -846.0000, 0.0000,  0, 127, 127,  2,  Training_Master_Drusko
P 923.0000, -1261.0000, 28.0000,  0, 127, 127,  2,  Torig_Kegroller
P 113.0000, -481.0000, 0.0000,  0, 127, 127,  2,  Tinkerer_Garstik
P 110.0000, -826.0000, 0.0000,  0, 127, 127,  2,  Surveyor_Bot_XI
P 472.0000, -861.0000, 0.0000,  0, 127, 127,  2,  Sarok
P 535.0000, -1235.0000, -37.0000,  0, 127, 127,  2,  Priest_Ensig
P 915.0000, -1282.0000, 0.0000,  0, 127, 127,  2,  Pella
P -152.0000, -727.0000, 0.0000,  0, 127, 127,  2,  Mikra
P 36.0000, -232.0000, -13.0000,  0, 127, 127,  2,  Mechanic_Wurben
P 55.0000, -970.0000, 0.0000,  0, 127, 127,  2,  Matru_Fleetfoot
P 114.0000, -811.0000, -27.0000,  0, 127, 127,  2,  Master_Mechanic_Zalban
P -23.0000, -487.0000, -26.0000,  0, 127, 127,  2,  Master_Mechanic_Burble
P 483.0000, -1236.0000, -40.0000,  0, 127, 127,  2,  Healer_Dindik
P 760.0000, -1180.0000, 0.0000,  0, 127, 127,  2,  Gruzzla
P 38.0000, -949.0000, 0.0000,  0, 127, 127,  2,  Defense_Mechanic_Gerbol
P 223.0000, -1947.0000, -123.0000,  0, 127, 127,  2,  Councillor_IX
P 361.0000, -1938.0000, 122.0000,  0, 127, 127,  2,  Clockwork_Storage_Guard
P 353.0000, -1579.0000, 0.0000,  0, 127, 127,  2,  A_Clockwork_Servitor
