P -29.3710, 1944.3339, 2097.4880,  0, 0, 0,  2,  Ulkag_the_Earthshaper
P -341.2282, 1191.7048, 2258.0005,  0, 0, 0,  2,  Nashtav,_Forger_of_Souls
P -261.5590, 1224.7584, 1594.0007,  0, 0, 0,  2,  Magmar
P 913.5665, 17.9835, -1451.9985,  0, 0, 0,  2,  Xardak_and_Kadrax_of_the_Depths
P 849.7483, -329.0834, -1431.9985,  0, 0, 0,  2,  Lok`atal,_The_Deep_One
P -35.4356, 605.2695, -1489.9985,  0, 0, 0,  2,  Warder_Dagrath
P -135.7755, 1337.1694, -1403.9987,  0, 0, 0,  2,  Vordrek_the_Earthen
P 96.7943, 2540.8989, 1996.0009,  0, 0, 0,  2,  Landslide
P 606.9056, 859.2359, 1372.0009,  0, 0, 0,  2,  Glacier
P 442.5954, 867.6180, 2116.0005,  0, 0, 0,  2,  Waterlord_Naktal
