P 0.0000, -73.0000, 0.0010,  0, 0, 0,  2,  evac_spot
P -595.5621, -992.3292, -97.9677,  240, 240, 240,  2,  Yaralith_the_Forgotten's_room
P 278.5200, -951.9229, -12.9990,  0, 0, 0,  2,  razorfang_pirahnas
P 121.7993, -810.9457, 41.9697,  0, 0, 240,  2,  1st_steps
P 398.2188, -815.2375, 55.9697,  0, 0, 240,  2,  2nd_steps
P 396.1839, -1046.5093, 69.9697,  0, 0, 240,  2,  3rd_steps
P 200.3919, -1047.4458, 83.9697,  0, 0, 240,  2,  4th_steps
P 118.2528, -1130.5338, 28.0010,  0, 0, 240,  2,  maze_entrance
P 579.9501, -137.9467, -209.9052,  0, 0, 0,  2,  trap
P 502.1484, -10.7849, -209.9052,  0, 0, 0,  2,  traps
P 401.2473, 21.2885, -209.9052,  0, 0, 0,  2,  traps
P 268.5341, -5.5375, -209.9052,  0, 0, 0,  2,  trap
P -58.7868, -273.6407, 0.0010,  0, 0, 240,  2,  door_to_Yaralith's_area_(middle)
P -540.8391, -753.4498, -66.4272,  0, 0, 0,  2,  trap
P -177.3017, -531.9107, -69.4965,  0, 0, 0,  2,  trap
P -161.8892, -931.7899, -66.6491,  0, 0, 0,  2,  trap
P -158.9889, -747.6451, -66.6812,  0, 0, 0,  2,  trap
P -359.0550, -546.1213, -70.1668,  0, 0, 0,  2,  trap
P 29.4933, -398.4459, 12.8237,  0, 0, 240,  2,  to_forgotten_spawns
P 303.1683, -452.9470, -0.3940,  0, 0, 0,  2,  trap
P -32.3389, -414.1925, 0.0010,  0, 0, 240,  2,  door_to_Yaralith's_area_(top)
