P 301.2643, -149.0000, 77.5135,  240, 0, 0,  2,  page_7
P -9.0413, 162.7608, -10.7480,  240, 0, 0,  2,  Page_4
P 402.9534, 201.8451, 0.0010,  0, 0, 0,  2,  Remnants_of_the_grounds_keeper
P 150.0881, -0.0302, -11.9990,  0, 0, 0,  2,  Guardian_of_Yclist
P 383.9342, 138.8606, 0.0010,  0, 0, 0,  2,  Symposium_Key
P 45.2429, 30.2146, -1.9990,  0, 0, 0,  2,  useless_scrap_of_paper
P 338.7344, -190.6703, -15.9990,  0, 0, 0,  2,  High_Enchanter_Yk'sil
P -90.4946, -0.9308, 4.0010,  0, 0, 0,  2,  High_Enchanter_Zo'Rel
P 351.1370, -200.6270, 59.9697,  0, 0, 0,  2,  Symposium_Key
P 634.1460, 219.2199, 5.0546,  240, 0, 0,  2,  page_1
P 22.4310, -169.3695, -7.9980,  240, 0, 0,  2,  Page_9
