L -3166.2117, -995.8166, -55.0615,  -3166.2117, -995.8166, -55.0615,  0, 0, 0
P 536.7672, -155.8488, -16.3899,  127, 0, 0,  2,  Matrix_#3
P -471.3593, -1149.7603, -49.0096,  127, 0, 0,  2,  Scitterous_#3
P -1287.2209, 154.3203, -55.0614,  127, 0, 0,  2,  Wiggly_Sphere_#3
P -2830.0823, 447.2466, -51.9759,  127, 0, 0,  2,  Node_of_Vigor_#3
P -2398.8440, -159.2236, -270.6213,  127, 0, 0,  2,  Matrix_#1
P 853.0151, -1038.7980, -52.6030,  127, 0, 0,  2,  Wiggly_Sphere_#1
P -43.7378, -43.9722, -54.6443,  127, 0, 0,  2,  Node_of_Vigor_#1
P -454.1298, 182.7103, -45.9047,  127, 0, 0,  2,  Scitterous_#1
P -1318.4084, 1039.7013, -33.1701,  0, 0, 0,  2,  Gnome_part
P -3608.4915, 844.2875, -54.6676,  127, 0, 0,  2,  Scitterous_#2
P -3166.2117, -995.8166, -55.0615,  127, 0, 0,  2,  Matrix_#2
P -1407.9811, -425.5638, -55.0615,  127, 0, 0,  2,  Wiggly_Sphere_#2
P -474.2180, -1119.0170, -50.4694,  0, 127, 127,  2,  The_Plague_Wraith_
P -989.0004, -1144.6908, -39.3803,  127, 0, 0,  2,  Node_of_Vigor_#2
P -1999.3422, 1079.8817, 22.1805,  127, 0, 0,  2,  Wiggly_Sphere_#4
P -1297.0151, 1047.1393, -31.7249,  127, 0, 0,  2,  Matrix_#4
