P -1040.0000, -1870.0000, 0.0000,  0, 127, 127,  2,  A_slaughtered_rebel_scout
P -9729.0000, -708.0000, 1068.0000,  0, 127, 127,  2,  Brother_Sinqual
P -9693.0000, -829.0000, 1068.0000,  0, 127, 127,  2,  Brother_Sortel
P -8887.0000, -1212.0000, 1065.0000,  0, 127, 127,  2,  Caretaker_Darima
P -9258.0000, -1038.0000, 1068.0000,  0, 127, 127,  2,  Caretaker_Kolsaz
P -8859.0000, -1153.0000, 1065.0000,  0, 127, 127,  2,  Caretaker_Torsh
P -9598.0000, -783.0000, 1065.0000,  0, 127, 127,  2,  Girix
P -8898.0000, -382.0000, 1068.0000,  0, 127, 127,  2,  Logistician_Zi'zi
P -9648.0000, -776.0000, 1068.0000,  0, 127, 127,  2,  Master_Kair'Got
P 136.0000, 2170.0000, 0.0000,  0, 127, 127,  2,  Orlon_the_Hermit
P -9691.0000, -358.0000, 1068.0000,  0, 127, 127,  2,  Rorlna,_Mistress_of_Assassins
P -9723.0000, -722.0000, 1068.0000,  0, 127, 127,  2,  Sister_Borlida
P -9592.0000, -764.0000, 1065.0000,  0, 127, 127,  2,  Tactician_Nazdrak
P -8875.0000, -382.0000, 1065.0000,  0, 127, 127,  2,  Tactician_Nazdrak
P -9592.0000, -763.0000, 1065.0000,  0, 127, 127,  2,  Tactitian_Nazdrak
P -8875.0000, -382.0000, 1068.0000,  0, 127, 127,  2,  Vrik_the_Sly
P -9370.0000, -543.0000, 1068.0000,  0, 127, 127,  2,  Warden_Tie'qunen
