P -3375.6907, 48.2584, 661.2169,  127, 0, 0,  2,  Icethistle_Fern
P 1944.0995, -498.6005, 27.9895,  128, 0, 128,  2,  to_Citadel_of_the_Claw
P 3384.3999, -2343.0000, 134.2500,  123, 0, 123,  2,  to_Bloodied_Quarry
P 6062.6416, -376.8125, 135.6822,  128, 0, 128,  2,  to_Prophet's_Landing
P -8855.3018, -398.5920, 1064.4695,  0, 240, 240,  1,  Caretaker_Torsh
P -8917.4922, -420.2121, 1064.4696,  0, 240, 240,  1,  Forlorn_Refugees
P -9703.1855, -459.1915, 1064.4695,  0, 240, 240,  1,  The_Old_One
P -8904.1504, -1212.7510, 1061.0632,  0, 240, 240,  1,  Scout_Leder_Azzyk
P -9715.6250, -766.1357, 1156.1257,  0, 0, 0,  2,  A_strange_feeling
P -7672.4048, -2532.6287, 1045.6808,  0, 0, 0,  2,  Druid_Ring_(monument)
P -9589.3594, -781.4090, 1061.0608,  0, 240, 240,  1,  Girix_(daytime)
P -9205.0029, -1719.5167, 1427.6417,  0, 240, 240,  2,  Gnik_the_Whitemane
P 1944.0389, -699.2540, 27.9022,  128, 0, 128,  2,  to_Citadel_of_the_Claw
P -7012.7651, -2389.6536, 1045.4695,  0, 127, 127,  1,  The_Old_One_(Day)
