P 1388.9812, 268.8808, -175.9365,  0, 127, 127,  2,  Ycl_the_Enriched
P 360.0000, 140.0000, 0.0000,  0, 127, 127,  2,  A_goblin_chef
P -1413.0000, -380.0000, 0.0000,  0, 127, 127,  2,  Bone_Carver_Sorl
P 360.0000, 140.0000, 0.0000,  0, 127, 127,  2,  Chef_Hergin
P -461.1076, -207.6760, -191.9365,  0, 0, 0,  2,  Foreman_Hrig_(roamer)
P -1236.0000, 138.0000, 0.0000,  0, 127, 127,  2,  Gruntle
P 1450.0000, 580.0000, 0.0000,  0, 127, 127,  2,  Kaluh
P 510.0000, 880.0000, 0.0000,  0, 127, 127,  2,  Miner_Furni
P 380.0000, 790.0000, 0.0000,  0, 127, 127,  2,  Miner_Gerssl
P 220.0000, -20.0000, 0.0000,  0, 127, 127,  2,  Miner_Rakos
P -1379.0000, 34.0000, 0.0000,  0, 127, 127,  2,  Ssorlia_the_Enforcer
P -1793.2155, -283.4753, -271.9052,  0, 127, 127,  2,  Stonemelder_Skissrl
P 940.0000, 1190.0000, 0.0000,  0, 127, 127,  2,  The_Yclistinite_Propogator
P -2199.9380, 436.1599, -351.8427,  0, 127, 127,  2,  Xurnsst_the_Sadist_(roamer)
P -1605.3131, -254.1551, -255.9052,  0, 0, 0,  2,  Gorls_the_Rapist
P -1382.5643, 6.4343, -223.9052,  0, 0, 0,  2,  Head_Geomancer_Inlins
P -1980.5614, 129.5127, -351.8427,  0, 0, 0,  2,  Lorry_the_Crippled
P -1798.5662, 14.2946, -271.9052,  0, 0, 0,  2,  Slave_Skinner_Rorsc
P -1071.3077, 11.3072, -255.9052,  0, 0, 0,  2,  Jailor_Slesk
