P -700.0000, -1000.0000, 0.0000,  0, 127, 127,  2,  Scout_Timms
P 2360.0000, 3490.0000, 0.0000,  0, 127, 127,  2,  Lord_Rotfang
P -30.0000, -1870.0000, 0.0000,  0, 127, 127,  2,  A_tormented_soul
P 642.0000, -1521.0000, 0.0000,  0, 127, 127,  2,  A_plaguewind_gnoll
P 641.0000, -1492.0000, 0.0000,  0, 127, 127,  2,  A_plaguewind_champion
P 6049.0000, 1739.0000, 184.0000,  0, 127, 127,  2,  A_murdered_guardsman
P 3750.0000, 2311.0000, 184.0000,  0, 127, 127,  2,  A_murdered_guardsman
P 4589.0000, 907.0000, 184.0000,  0, 127, 127,  2,  A_murdered_guardsman
P -20.0000, 217.0000, -62.0000,  0, 127, 127,  2,  A_distressed_druid_scout
P 7500.0000, 3240.0000, 0.0000,  0, 127, 127,  2,  A_bonded_earth_spirit
P 2621.0000, 2781.0000, 0.0000,  0, 127, 127,  2,  A_Sickly_Cyclops
