P 2451.8113, -339.6865, -335.9039,  240, 0, 176,  1,  Yclist_Event_Setup_Spot
P -274.8271, -1236.7848, -339.1460,  0, 0, 0,  2,  Blind_Transcendant
P -3368.3503, -1740.4652, -56.5615,  0, 0, 0,  2,  Iklid_Scavengers
P -1644.9816, -4222.6108, -56.5556,  0, 0, 0,  2,  Iklid_Murderers
P -2573.4790, -1879.3595, -273.5284,  0, 0, 0,  2,  An_animated_statue
P -5203.0000, 1907.0000, -3.5517,  206, 0, 172,  2,  Field_of_Bone
P -1515.1284, 3406.8357, -344.4677,  0, 0, 0,  2,  To_Remnants_of_Old_Ikild
P 2960.3972, 3236.9495, -330.8588,  0, 0, 0,  2,  Storm_Tyrant_Jor
P 1720.7455, 270.2928, -344.4677,  0, 240, 0,  1,  Illusionary_Ward
P -2750.2024, 692.4515, -344.4677,  0, 0, 0,  2,  Old_Rusty_Warspear
