P 307.0000, -2693.0000, -61.0000,  0, 127, 127,  2,  A_worried_mother
P 570.0000, 1415.0000, 0.0000,  0, 127, 127,  2,  An_ancient_mammoth
P 4425.0000, -2600.0000, 0.0000,  0, 127, 127,  2,  An_orc_visionary
P 6298.0000, -2829.0000, 0.0000,  0, 127, 127,  2,  An_undead_hunter
P 3442.0000, -2845.0000, 0.0000,  0, 127, 127,  2,  Bailron
P 3868.0000, -2122.0000, -56.0000,  0, 127, 127,  2,  Contractor_Dalik
P -250.0000, -1650.0000, 0.0000,  0, 127, 127,  2,  Frostwind
P 1024.0000, -1109.0000, 0.0000,  0, 127, 127,  2,  High_Trader_Dreina
P 3830.0000, 1230.0000, 0.0000,  0, 127, 127,  2,  Master_Vastann
P 1014.0000, -1186.0000, 0.0000,  0, 127, 127,  2,  Sergeant_Feveg
P -1200.0000, -1650.0000, 0.0000,  0, 127, 127,  2,  Tormented_Dwarven_Spirit
P 1250.0000, -3000.0000, 0.0000,  0, 127, 127,  2,  Tormented_Elven_Spirit
P -1150.0000, 820.0000, 0.0000,  0, 127, 127,  2,  Tormented_Erudite_Spirit
P 1150.0000, 910.0000, 0.0000,  0, 127, 127,  2,  Tormented_Iksar_Spirit
P 1010.0000, -1173.0000, 0.0000,  0, 127, 127,  2,  Trader_Jildo
