P 150.4435, -2253.0720, -176.5615,  0, 127, 127,  2,  a_sewer_ward
P -954.6335, -138.2486, -69.3150,  127, 0, 0,  2,  a_Kaezulian_high_animator
P -3525.6125, 2568.0610, 4.5574,  127, 0, 0,  2,  Captain_Thishka
P 207.8696, 1739.6432, -46.3472,  127, 0, 0,  2,  Dread_(night)
P -1124.5592, 953.8381, -78.2326,  127, 0, 0,  2,  Niskrak_the_Chemist
P -2501.9497, 292.6326, -90.9811,  127, 0, 0,  2,  an_alert_sentry
P -2347.5425, 821.8977, -14.5747,  127, 0, 0,  2,  Taskmaster_Xekri
P -1598.2462, 478.1602, -78.4812,  127, 0, 0,  2,  ancient_dragon_remains
P -2045.9030, -3162.7993, -147.1681,  127, 0, 0,  2,  Raptor
P -2780.1196, -3323.4106, -117.1707,  127, 0, 0,  2,  A_nightstalker_(night)
