P 1205.2520, 219.4940, -4.8194,  127, 0, 0,  2,  Hunter_Porln
P 1144.9974, 205.6117, -4.1856,  127, 0, 0,  2,  Bordel_the_Attuned
P -2883.6926, 3040.9680, -77.9115,  127, 0, 0,  2,  Acolyte_Rivel
P -2614.1658, 3914.2683, -79.8374,  127, 0, 0,  2,  Elementalist_Il'Shta
P -2608.9573, 3317.4927, -78.0973,  127, 0, 0,  2,  Warlock_Cerdelt
P -2464.4463, -1719.8170, -6.7340,  0, 0, 0,  2,  Baldakan_Hunter_Camp
P 1430.9263, -1482.2460, -3.7480,  0, 0, 0,  2,  Baldakan_Hunter_Camp
P -2649.4099, -4800.0000, 23.3269,  128, 0, 128,  2,  to_Murk
P 2628.9380, -4927.8530, 40.0271,  128, 0, 128,  2,  to_Murk
P -6042.2080, -275.7709, -82.9677,  128, 0, 128,  2,  to_Dreadlands
P -5799.7065, -208.4330, -65.9669,  0, 240, 240,  2,  Gertrund_the_Trapper
P -2330.8892, 3155.6960, -104.2179,  127, 0, 0,  2,  Kersesh_the_Corrupted
P -2258.4050, 3243.1670, -104.0090,  127, 0, 0,  2,  High_Knight_Rulena
P -2985.3813, 2932.6133, -80.3819,  127, 0, 0,  2,  Grand_Inquisitor_Lorrum
P -3319.4651, 3447.9360, -104.8038,  127, 0, 0,  2,  Unnaturalist_Sha'Ketch
P -2950.0627, 3896.2686, -53.1989,  127, 0, 0,  2,  Cultist_Shrial
P -1656.4100, 3798.3691, -106.8115,  127, 0, 0,  2,  Ritualist_Druslin
