P -793.3860, -278.8889, -311.9990,  0, 0, 0,  1,  a_hole
P 492.0370, 770.2312, -284.6630,  0, 127, 0,  2,  a_hole
P 918.7293, 1869.8694, -287.7645,  0, 127, 0,  2,  a_hole
P 603.0228, 1003.6707, -281.7803,  0, 127, 127,  2,  Wilheim_the_Vendor_(Shopkeeper)
P 957.1333, 1490.2742, -281.1957,  0, 127, 127,  2,  Researcher_Olo
P 973.9285, 1462.6959, -274.6739,  0, 127, 127,  2,  Researcher_Wick
P 865.5784, 1290.3123, -251.9990,  127, 0, 255,  3,  Prime_Warden_Kizarh
P 967.6056, 1163.6591, -281.9989,  127, 0, 255,  2,  Prime_Researcher_Kiniqui
P 891.4307, 1248.9498, -289.5175,  240, 0, 0,  2,  A_Revitalizing/Harmonizing_Petal
P 809.3228, 1421.5017, -281.2489,  127, 127, 0,  2,  Curator_Niniliti
P 564.1878, 1141.2189, -281.9971,  127, 127, 0,  2,  Eniva_the_Troubadour
P 531.6688, 1201.2410, -281.9989,  240, 0, 0,  2,  Bartender_Patrix
P -828.9965, -276.3198, -275.2002,  127, 0, 255,  3,  Kara'Kadar
P -1443.4591, -1609.1580, -237.8671,  240, 0, 0,  2,  a_Crimson_Lotus
P -1835.4802, -2206.2053, -262.1187,  240, 0, 0,  2,  a_prismatic_flower
P -2040.2823, -1889.4132, -261.6336,  240, 0, 0,  2,  an_ancient_fungus
P -1495.4929, -2015.4153, -176.0818,  240, 0, 0,  2,  Nemesis
P 525.6838, -334.0347, -262.9659,  240, 0, 103,  2,  A_Sproutari_Queen/King
P 512.1378, -239.2645, -263.9989,  240, 0, 99,  2,  A_Sproutari_Prince
P 636.5516, 96.8213, -263.9989,  240, 0, 99,  2,  a_sproutari_knight
P 14.4067, -642.8787, -263.9989,  240, 0, 119,  2,  a_sproutari_frenzy
P -348.2083, -591.3206, -263.9989,  127, 0, 255,  3,  Old_Overgrowth
P -1015.5263, -1431.3192, -263.6184,  0, 127, 0,  2,  6man_hardside
P -1041.7678, -23.4547, -263.9989,  240, 0, 0,  2,  A_Razor_Lotus
P 356.8496, 124.2778, -255.8207,  240, 0, 0,  2,  A_Shrieker
P -775.6337, -730.9029, -249.4652,  240, 0, 0,  2,  A_Shaking_Stalk
P 205.2840, -239.6115, -263.9990,  240, 0, 0,  2,  A_Budding_Foliage
P -340.1015, -182.6304, -263.9989,  240, 0, 0,  2,  An_Explosive_Fungus
P -38.1125, 61.1850, -263.9989,  240, 0, 0,  2,  A_Snarling_Frond
P 89.9803, -106.2926, -253.8198,  240, 0, 0,  2,  Poisonous_Spores
P -614.7890, -484.6152, -262.7532,  240, 0, 0,  2,  A_Stink_Husk
P -225.4882, -424.6639, -258.2336,  240, 0, 0,  2,  A_Dagger_Leaf
