P -489.0000, -904.0000, -207.0000,  127, 0, 0,  2,  Darkbloom_Aloe_Leaves_(MQ)
P -202.0000, -792.0000, -219.0000,  127, 0, 0,  2,  Darkbloom_Aloe_Leaves_(MQ)
P -267.0000, -1018.0000, -218.0000,  127, 0, 0,  2,  Darkbloom_Aloe_Leaves_(MQ)
P -209.0000, -686.0000, -208.0000,  127, 0, 0,  2,  Darkbloom_Aloe_Leaves_(MQ)
P 16.0000, -959.0000, -234.0000,  127, 0, 0,  2,  Darkbloom_Aloe_Leaves_(MQ)
P -256.0000, -766.0000, -206.0000,  127, 0, 0,  2,  Darkbloom_Aloe_Leaves_(MQ)
P -535.0000, -975.0000, -206.0000,  127, 0, 0,  2,  Deep_Cavern_Moss
P -510.0000, -791.0000, -206.0000,  127, 0, 0,  2,  Deep_Cavern_Moss
P -436.0000, -748.0000, -206.0000,  127, 0, 0,  2,  Deep_Cavern_Moss
P -318.0000, -850.0000, -219.0000,  127, 0, 0,  2,  Deep_Cavern_Moss
P -370.0000, -1033.0000, -219.0000,  127, 0, 0,  2,  Deep_Cavern_Moss
P -295.0000, -1089.0000, -218.0000,  127, 0, 0,  2,  Deep_Cavern_Moss
