P 220.0000, -1200.0000, 0.0000,  0, 127, 127,  2,  A_dwarven_corpse
P 688.0000, -765.0000, 0.0000,  0, 127, 127,  2,  A_froglok_battlemaster
P 831.0000, -833.0000, 0.0000,  0, 127, 127,  2,  A_froglok_collector
P 877.0000, -624.0000, -205.0000,  0, 127, 127,  2,  A_froglok_penkeeper
P 648.0000, -705.0000, -106.0000,  0, 127, 127,  2,  A_froglok_swashbuckler
P 697.0000, -1139.0000, -122.0000,  0, 127, 127,  2,  A_master_rogue
P 298.0000, -910.0000, -234.0000,  0, 127, 127,  2,  A_myconid_ancient
P 765.0000, -880.0000, 0.0000,  0, 127, 127,  2,  A_sane_froglok
P 780.0000, -635.0000, 0.0000,  0, 127, 127,  2,  A_sealed_crate
P 764.0000, -638.0000, -108.0000,  0, 127, 127,  2,  A_shield_golem
P 845.0000, -1180.0000, -196.0000,  0, 127, 127,  2,  Glidrek_the_Exalted
P 263.0000, -18.0000, -220.0000,  0, 127, 127,  2,  High_Templar_Ftirgir
P -17.0000, 101.0000, -232.0000,  0, 127, 127,  2,  Igridik_the_Voice
P -254.0000, -1089.0000, -206.0000,  0, 127, 127,  2,  Jikktry_the_Lightbearer
P 482.0000, -1654.0000, -85.0000,  0, 127, 127,  2,  Master_Grakli
P -102.0000, -648.0000, 0.0000,  0, 127, 127,  2,  Prili_of_the_Maze
P 1054.0000, -1068.0000, -189.0000,  0, 127, 127,  2,  Sigrizt_the_Offerer
P 728.0000, -506.0000, -192.0000,  0, 127, 127,  2,  The_Shade_Master
P 1114.0000, -816.0000, -206.0000,  0, 127, 127,  2,  Trisk_the_Recluse
P 749.0000, -1553.0000, -171.0000,  0, 127, 127,  2,  Warlord_Pripitraliti_the_Great
P 598.0000, -228.0000, 0.0000,  0, 127, 127,  2,  Lord_Commander_Ragarati
