P -320.0000, -1100.0000, -74.0000,  0, 127, 127,  2,  The_Water_Mage
P 275.0000, -468.0000, -65.0000,  0, 127, 127,  2,  The_Undertaker
P -180.0000, 19.0000, -93.0000,  0, 127, 127,  2,  Captain_Tigribl
P 119.0000, -255.0000, 3.0000,  0, 127, 127,  2,  An_angry_froglok
P -176.0000, -221.0000, 3.0000,  0, 127, 127,  2,  An_Enchanter_Neophyte
P 170.0000, -376.0000, 0.0000,  0, 127, 127,  2,  A_shadowy_froglok_cultist
P -24.0000, -355.0000, -12.0000,  0, 127, 127,  2,  A_rickety_skeleton
P -513.0000, -830.0000, -67.0000,  0, 127, 127,  2,  A_patient_froglok_duelist
P -40.0000, -350.0000, 0.0000,  0, 127, 127,  2,  A_necromancer_apprentice
P 66.0000, -595.0000, 3.0000,  0, 127, 127,  2,  A_mine_overseer
P -471.0000, -796.0000, -67.0000,  0, 127, 127,  2,  A_large_froglok
P -286.0000, -735.0000, -67.0000,  0, 127, 127,  2,  A_furious_froglok_duelist
P -23.0000, -1526.0000, 0.0000,  0, 127, 127,  2,  A_froglok_swordsman
P 442.0000, -208.0000, 0.0000,  0, 127, 127,  2,  A_froglok_sacrifice
P -250.0000, -642.0000, -11.0000,  0, 127, 127,  2,  A_froglok_priest
P -272.0000, -146.0000, 0.0000,  0, 127, 127,  2,  A_froglok_physician
P 34.0000, -760.0000, -151.0000,  0, 127, 127,  2,  A_froglok_nurse
P -150.0000, -48.0000, -90.0000,  0, 127, 127,  2,  A_froglok_logistian
P -180.0000, -512.0000, 0.0000,  0, 127, 127,  2,  A_froglok_fungus_farmer
P -358.0000, -1320.0000, -94.0000,  0, 127, 127,  2,  A_froglok_dweller
P 150.0000, -250.0000, 0.0000,  0, 127, 127,  2,  A_froglok_brawler
