P 300.0000, -135.0000, 0.0000,  0, 127, 127,  2,  Alchemist_Banner
P 270.0000, -460.0000, 3.0000,  0, 127, 127,  2,  Chieftan_Warren_McAston
P -55.0000, 13.0000, 0.0000,  0, 127, 127,  2,  Docksman_Ulfrig
P -392.0000, -168.0000, 5.0000,  0, 127, 127,  2,  Emma_Gemcutter
P -300.0000, -600.0000, 0.0000,  0, 127, 127,  2,  Jalos_McDerrick
P -347.0000, -349.0000, 4.0000,  0, 127, 127,  2,  Karlin_McDouglas
P 364.0000, -121.0000, 4.0000,  0, 127, 127,  2,  Kayla
P -272.0000, -252.0000, 0.0000,  0, 127, 127,  2,  Kemlik_McGandor
P 325.0000, -190.0000, 0.0000,  0, 127, 127,  2,  Koria_McPherson
P 195.0000, -110.0000, 0.0000,  0, 127, 127,  2,  Lissa_the_Bard
P 182.0000, -295.0000, 5.0000,  0, 127, 127,  2,  Mac_McMacson
P -10.0000, -1.0000, 4.0000,  0, 127, 127,  2,  Merral_Mc_Aston
P 185.0000, -265.0000, 5.0000,  0, 127, 127,  2,  Mic_McMacson
P 207.0000, -99.0000, 0.0000,  0, 127, 127,  2,  Terla_McQuaid
