P -70.0000, 0.0000, 6.0000,  127, 0, 0,  2,  A_page_of_a_journal_(1)
P 160.0000, -10.0000, 7.0000,  127, 0, 0,  2,  A_page_of_a_journal_(2)
P 341.0000, -30.0000, 3.0000,  127, 0, 0,  2,  A_page_of_a_journal_(3)
P 270.0000, 10.0000, 33.0000,  127, 0, 0,  2,  A_page_of_a_journal_(4)
P 300.0000, -80.0000, 33.0000,  127, 0, 0,  2,  A_page_of_a_journal_(5)
P 250.0000, 100.0000, 6.0000,  127, 0, 0,  2,  A_page_of_a_journal_(6)
P 330.0000, 20.0000, 56.0000,  127, 0, 0,  2,  A_page_of_a_journal_(7)
P 190.0000, 150.0000, 71.0000,  127, 0, 0,  2,  A_page_of_a_journal_(8)
P 320.0000, 90.0000, 57.0000,  127, 0, 0,  2,  An_old_letter
P 240.0000, 10.0000, 33.0000,  127, 0, 0,  2,  Ancient_Bottle_of_Elven_Wine
P 290.0000, 30.0000, 57.0000,  127, 0, 0,  2,  Bundle_of_journal_pages
P 340.0000, 90.0000, 3.0000,  127, 0, 0,  2,  The_Code_of_the_Dead
P 230.0000, -50.0000, 7.0000,  127, 0, 0,  2,  The_Writing_of_the_Dead
