P 323.6308, -137.7335, -14.9990,  0, 0, 240,  2,  an_imprisoned_deviant
P 200.5687, -129.9472, 69.9697,  240, 240, 0,  2,  Do_NOT_go_in_here
P 209.0000, -77.0000, 26.0010,  0, 0, 240,  2,  Chef's_Private_Storage
P 110.0000, -24.0000, -43.9677,  0, 0, 240,  2,  The_Earth_Terror
P 220.9891, -59.2705, 0.0044,  0, 0, 240,  2,  a_damned_curator
P 189.4764, 101.8735, 26.0010,  0, 0, 240,  2,  a_wailing_ghost
P 267.1130, 92.7022, 26.0010,  0, 0, 240,  2,  a_wailing_ghost
P 265.7252, -17.3711, 49.9697,  0, 0, 240,  2,  a_wailing_ghost
P 299.5450, -5.4379, 49.9697,  0, 0, 240,  2,  a_wailing_ghost
P 186.2346, -110.8472, 69.9697,  240, 0, 0,  2,  invisible_wall_2
P 223.0081, 95.3110, 69.9697,  240, 0, 0,  2,  invisible_wall_1
P 231.3562, 29.1095, 69.9697,  240, 0, 0,  2,  invisible_wall_3
P 351.7055, 91.2908, 72.9715,  0, 127, 0,  2,  Divine_Candle
P 202.3489, -90.1838, 73.1363,  0, 127, 0,  2,  Divine_Lantern
P 418.6157, 71.3559, -13.9990,  0, 127, 0,  2,  Old_Tinderbox
P 246.6475, -113.6432, 72.5239,  240, 0, 0,  2,  Trap
P 248.0720, -103.5896, 72.0175,  240, 0, 0,  2,  Trap
P 248.1590, -92.8708, 72.4059,  240, 0, 0,  2,  Trap
P 247.4601, -81.2601, 71.8326,  240, 0, 0,  2,  Trap
P 247.6269, -67.0263, 72.3056,  240, 0, 0,  2,  Trap
P 261.3221, -65.9676, 72.4061,  240, 0, 0,  2,  Trap
P 274.6737, -65.8233, 72.0903,  240, 0, 0,  2,  Trap
P 286.3453, -65.6260, 72.0624,  240, 0, 0,  2,  Trap
P 301.3528, -65.7296, 72.0760,  240, 0, 0,  2,  Trap
P 310.5294, -65.7929, 72.1615,  240, 0, 0,  2,  Trap
P 316.0672, -47.5420, 72.3094,  240, 0, 0,  2,  Trap
P 306.9258, -43.8652, 72.2475,  240, 0, 0,  2,  Trap
P 298.7202, -43.3135, 72.3849,  240, 0, 0,  2,  Trap
P 288.0563, -43.4001, 72.2939,  240, 0, 0,  2,  Trap
P 275.8871, -43.2284, 72.4055,  240, 0, 0,  2,  Trap
P 269.8022, -43.1688, 72.3774,  240, 0, 0,  2,  Trap
P 269.7599, -24.5717, 72.4165,  240, 0, 0,  2,  Trap
P 268.3627, 31.7500, 71.5685,  240, 0, 0,  2,  Trap
P 269.2893, 26.6715, 72.5527,  240, 0, 0,  2,  Trap
P 269.4988, 6.7785, 72.3541,  240, 0, 0,  2,  Trap
P 269.9538, -16.0823, 72.6993,  240, 0, 0,  2,  Trap
