P -447.9904, -2177.1304, 81.5476,  0, 0, 0,  2,  goblin_caves
P -3357.5896, 1079.5190, 0.0010,  240, 0, 0,  2,  Pounders_8_and_9_(adept)
P 1327.1709, 854.0607, -16.8238,  0, 0, 0,  2,  Xilkaz_of_the_Order_(Blackscale)
P -1922.1339, -1258.2155, -15.1542,  0, 0, 0,  2,  Trader_Valner_(Silver_Crown)
P -2555.1917, -247.4302, 2.9928,  0, 0, 0,  2,  Researcher_Delig_(Council_of_Innovation)
P 1749.1713, 1263.2449, -16.6552,  0, 0, 0,  2,  Tesia_(MQ)
P 1746.4849, -1332.9309, -16.5854,  0, 0, 0,  2,  Hannia_(MQ)
P 854.0638, 478.0654, -16.1668,  0, 0, 0,  2,  goblin_scouts
P 1130.4957, 1074.7344, 145.6177,  0, 0, 0,  2,  goblin_scouts
P 1049.9883, 784.1783, 102.2215,  0, 0, 0,  2,  goblin_scouts
P -378.3149, 1862.1721, -1.4920,  0, 0, 0,  2,  goblin_scouts
P -1535.4446, -1707.4568, -4.3156,  0, 0, 0,  2,  goblin_scouts
P -1470.1841, -1410.3838, 14.3429,  0, 0, 0,  2,  goblin_scouts
