P -1420.9736, 403.7917, -199.9052,  0, 0, 0,  2,  Kozith_the_Stormsword
P -2610.7925, 609.5293, -329.8739,  0, 0, 0,  2,  Kragos_Frostwoe
P -1385.0000, -2441.0000, -40.0000,  0, 127, 127,  2,  Ytregg_Coralsha
P -1335.0000, -2655.0000, -80.0000,  0, 127, 127,  2,  Vregg_Coralsha
P -1020.0000, -1200.0000, -60.0000,  0, 127, 127,  3,  Taval_the_Fluxator
P -1741.0000, 376.0000, -240.0000,  0, 127, 127,  3,  Slavemaster_Jorleg
P -1429.0000, -2541.0000, -40.0000,  0, 127, 127,  2,  Razok_Coralsha
P -840.0000, -240.0000, -140.0000,  0, 127, 127,  2,  Praetor_Gresh
P -1505.0000, 794.0000, -120.0000,  0, 127, 127,  2,  Lieutenant_Mertz
P -1377.0000, -2717.0000, -80.0000,  0, 127, 127,  3,  High_Priest_Coralsha
P -1695.0000, 1502.0000, -200.0000,  0, 127, 127,  3,  Frost_King_Rymaz_Sunbane
P -1900.0000, -310.0000, -200.0000,  0, 127, 127,  3,  Enforcer_Husrag
P -1423.0000, -2645.0000, -80.0000,  0, 127, 127,  2,  Ekrew_Coralsha
P -1157.0000, 838.0000, -130.0000,  0, 127, 127,  3,  Captain_Vazan
P -1561.5253, -1202.9402, -59.9677,  0, 0, 0,  2,  Arena_Master_Ugalf
P -1245.0000, -1076.0000, -100.0000,  0, 127, 127,  3,  Arzog_the_Champion
P -1450.0000, 750.0000, -120.0000,  0, 127, 127,  2,  Artisan_Korgal
P -1624.0000, 1712.0000, -154.0000,  0, 127, 127,  2,  Artificier_Serfal
P -1920.0000, 1760.0000, -156.0000,  0, 127, 127,  2,  Artificier_Khazok
P -1480.0000, 1670.0000, -160.0000,  0, 127, 127,  2,  Artificier_Havark_(chain)
P -1874.0000, 1665.0000, -157.0000,  0, 127, 127,  2,  Artificier_Ghendoz
P -1916.0000, 1754.0000, 0.0000,  0, 127, 127,  2,  Artificer_Khazok
