P -1616.2811, -208.4290, 397.6294,  0, 127, 127,  2,  artist
P -2830.1699, 736.9258, 629.5897,  240, 0, 0,  2,  dreamer
P -792.8465, -1115.4844, 252.2559,  0, 127, 127,  2,  artist
P -897.2606, -1100.2375, 276.9231,  0, 127, 127,  2,  artist
P -1344.6198, -895.2820, 298.4166,  0, 127, 0,  2,  protector
P -2038.1429, -223.0955, 491.8441,  0, 127, 0,  2,  protector
P -2389.5654, -1786.0688, 536.8724,  0, 127, 127,  2,  artist
P -2435.7349, -1760.4150, 529.9866,  0, 127, 127,  2,  artist
P -1279.3429, 616.1171, 397.3414,  0, 127, 127,  2,  artist
P -1425.1794, 494.1880, 430.7664,  0, 127, 127,  2,  artist
P -1029.7803, 342.6138, 359.3682,  0, 127, 127,  2,  artist
P -966.8914, 343.3852, 382.9695,  0, 127, 127,  2,  artist
P -103.2046, -1277.1396, 197.1667,  0, 127, 127,  2,  artist
P 10.3387, -1190.0959, 177.7155,  0, 127, 127,  2,  artist
P -590.7946, -878.9612, 272.9454,  0, 127, 127,  2,  artist
P -152.0424, -546.8427, 222.9458,  0, 127, 127,  2,  artist
P -243.7518, -365.1041, 194.7089,  0, 127, 127,  2,  artist
P -123.3904, -1331.5270, 176.1296,  0, 127, 127,  2,  artist
P -325.3110, -1577.0149, 188.8517,  240, 0, 0,  2,  dreamer
P -2669.9983, -1388.4121, 527.7902,  240, 0, 0,  2,  dreamer
P -23.4936, -1146.0514, 192.0501,  0, 127, 0,  2,  protector
P -353.2701, -1292.3934, 247.3496,  0, 127, 0,  2,  protector
P -4434.0522, -338.0453, 841.7451,  0, 127, 0,  2,  protector
P -4433.9751, -544.6206, 835.4628,  0, 127, 0,  2,  protector
P -1155.9976, -49.0630, 337.1051,  0, 127, 0,  2,  protector
P -1351.0242, -28.9455, 357.3622,  0, 127, 0,  2,  protector
P -1057.7332, 609.8676, 387.8726,  0, 127, 0,  2,  protector
P -1140.0245, 579.0643, 439.3266,  0, 127, 0,  2,  protector
P -538.3058, -1016.4373, 212.2393,  0, 127, 0,  2,  protector
P -461.7783, -1117.3501, 193.4478,  0, 127, 0,  2,  protector
P -1340.8971, -1132.0807, 383.3528,  0, 127, 0,  2,  protector
P -1695.6809, 7.2171, 388.1047,  0, 127, 0,  2,  protector
P -211.4332, -277.4341, 189.3002,  240, 0, 0,  2,  dreamer
P -145.9941, -194.9336, 201.8897,  240, 0, 0,  2,  dreamer
P -248.5541, -1470.6318, 195.2002,  240, 0, 0,  2,  dreamer
P -282.8064, -1418.9011, 167.4522,  240, 0, 0,  2,  dreamer
P -1284.1560, -1018.3600, 378.2354,  240, 0, 0,  2,  dreamer
P -985.9957, 142.0783, 356.6879,  240, 0, 0,  2,  dreamer
P -1076.3235, 108.9171, 371.0627,  240, 0, 0,  2,  dreamer
P -1974.6289, -1286.6461, 442.5042,  240, 0, 0,  2,  dreamer
P -2506.5784, -1402.1770, 532.6914,  240, 0, 0,  2,  dreamer
P -2526.0000, -1486.0000, 505.9048,  240, 0, 0,  2,  dreamer
P -2628.0000, -1503.0000, 528.4252,  240, 0, 0,  2,  dreamer
P -1392.3663, -370.3472, 400.7539,  0, 127, 127,  2,  artist
P -1410.3610, -125.7536, 392.7206,  0, 127, 0,  2,  protector
P -1735.6326, -140.7037, 405.6979,  240, 0, 0,  2,  dreamer
P -1967.0037, -35.2225, 456.9754,  0, 127, 127,  2,  artist
P -1666.4185, -323.8857, 381.7024,  240, 0, 0,  2,  dreamer
P -1547.8589, -278.1949, 429.6051,  0, 127, 0,  2,  protector
P -1476.0197, -426.6667, 401.3087,  0, 127, 0,  2,  protector
P -983.0000, -1196.0000, 284.8739,  240, 0, 0,  2,  dreamer
P -608.2598, -1299.9580, 242.8897,  0, 127, 0,  2,  protector
P -1786.7948, -1168.7468, 398.7505,  0, 127, 0,  2,  protector
P -1895.3607, -1216.3486, 427.6089,  0, 127, 0,  2,  protector
P -653.9601, -921.7413, 244.1932,  0, 127, 0,  2,  protector
P -2890.7988, 71.3336, 343.7062,  0, 0, 0,  3,  Queen_of_the_Fae
P -1345.0969, 9.8812, 151.0060,  0, 0, 0,  3,  Harn,_Tree_of_Ages
P -2856.2527, -199.8511, 562.2376,  0, 0, 0,  2,  urn
P -4204.8486, -1036.6639, 709.3279,  0, 127, 0,  2,  protector
P -3811.5042, -1000.6674, 669.1784,  0, 127, 0,  2,  protector
P -3848.8564, -1056.9076, 657.1569,  0, 127, 127,  2,  artist
P -3973.7747, -1040.8781, 672.4290,  240, 0, 0,  2,  dreamer
P -2455.0266, 301.1522, 535.0905,  240, 0, 0,  2,  dreamer
P -2524.1790, 351.2174, 506.2752,  240, 0, 0,  2,  dreamer
P -4554.2231, 464.8246, 742.3458,  0, 0, 0,  2,  madwoman
P -2857.1565, 137.0844, 580.0627,  0, 127, 127,  2,  artist
P -2796.4722, 105.2416, 558.6678,  0, 127, 127,  2,  artist
P -4863.4658, -454.3372, 674.2914,  0, 0, 0,  2,  Historian_Allen_(MQ)
P -2822.1396, -829.0322, 576.4839,  240, 0, 0,  2,  dreamer
P -2484.9463, -544.8852, 496.2557,  0, 127, 0,  2,  protector_(tree)
P -2439.7002, -491.7545, 490.7097,  0, 127, 127,  2,  artist_
P -2502.6135, 513.5089, 578.2657,  0, 127, 0,  2,  protector_
P -2362.2124, -103.8426, 510.8102,  0, 127, 127,  2,  artist_
P -2400.6331, -254.9530, 466.6285,  240, 0, 0,  2,  dreamer
P -2468.2720, -425.7236, 507.7428,  240, 0, 0,  2,  dreamer_
P -2447.5996, -491.9494, 493.6148,  0, 127, 127,  2,  artist
P -2081.7363, -47.3704, 484.2923,  240, 0, 0,  2,  dreamer
P -2120.9722, -84.1391, 497.9893,  240, 0, 0,  2,  dreamer
P -1959.7810, -39.1421, 461.7127,  0, 127, 127,  2,  artist
P -1918.0122, 92.2019, 452.3536,  0, 127, 0,  2,  protector
P -1827.3253, 144.9366, 370.7719,  0, 127, 0,  2,  protector
P -3721.6443, -1231.3414, 667.2280,  240, 0, 0,  2,  dreamer
P -3918.3726, -1250.1072, 636.4202,  0, 127, 127,  2,  artist
P -3898.6650, -855.1281, 695.2828,  0, 127, 0,  2,  protector
P -4264.0522, -728.4882, 715.9497,  240, 0, 0,  2,  dreamer
P -4292.8145, -681.7730, 716.2130,  240, 0, 0,  2,  dreamer
P -4222.0000, -859.0000, 718.3177,  240, 0, 0,  2,  dreamer
P -4301.5854, -1003.6024, 766.6711,  240, 0, 0,  2,  dreamer
P -4454.3965, -815.3131, 826.8506,  240, 0, 0,  2,  dreamer
P -4316.8213, -1335.3573, 724.2626,  0, 127, 127,  2,  artist
P -4253.0972, -1380.0786, 702.9694,  0, 127, 127,  2,  artist
P -4097.0991, -519.3342, 702.7562,  0, 127, 127,  2,  artist
P -2469.9487, 401.4802, 567.0076,  0, 127, 127,  2,  artist
P -2671.2456, 566.0467, 588.3593,  0, 127, 127,  2,  artist
P -1673.8588, -520.4016, 414.0378,  0, 127, 127,  2,  artist
P -1735.0820, -387.9086, 424.6558,  240, 0, 0,  2,  dreamer
P -1788.0000, -271.0000, 387.6788,  240, 0, 0,  2,  dreamer
P -1712.1617, -291.6579, 355.8901,  0, 127, 0,  2,  protector
P -1702.5493, -301.4540, 359.7020,  0, 0, 0,  3,  Grand_Oracle_Yvieve
P -1350.1256, -293.8798, 405.6003,  240, 0, 0,  2,  dreamer
P -1345.1721, -506.9240, 328.9128,  240, 0, 0,  2,  dreamer
P -4099.4785, -1156.1958, 698.6347,  0, 127, 0,  2,  protector
P -4107.4287, -1101.3134, 698.5288,  0, 127, 0,  2,  protector
P -1665.7480, -1367.6116, 389.4327,  0, 0, 0,  2,  urn
P -2849.9534, -974.6129, 555.2686,  0, 127, 0,  2,  protector
P -2977.2769, -1000.5057, 599.5461,  0, 127, 127,  2,  artist
P -4244.5283, -416.8898, 734.1553,  0, 127, 0,  2,  protector
P -3019.3237, 788.3739, 659.8856,  0, 127, 0,  2,  protector
P -3870.4175, -1003.0466, 688.1392,  0, 127, 127,  2,  artist
P -1892.8240, 416.6804, 399.6261,  0, 127, 0,  2,  protector
P -1376.3009, 253.3459, 362.9030,  0, 127, 0,  2,  protector
P -1225.3024, 130.3602, 365.2957,  0, 127, 0,  2,  protector
P -228.7319, -1107.1676, 229.7196,  0, 127, 0,  2,  protector
P -417.4829, -1376.8306, 230.9191,  0, 127, 0,  2,  protector
P -340.0000, -1295.0000, 185.1223,  0, 127, 0,  2,  protector
P -443.1543, -167.1546, 256.7507,  240, 0, 0,  2,  dreamer
P -410.1776, -295.6886, 300.2553,  0, 127, 0,  2,  protector
P -537.0568, -770.1302, 256.5964,  240, 0, 0,  2,  dreamer
P -1157.0000, 333.0000, 396.6884,  240, 0, 0,  2,  dreamer
P -1247.4023, -1036.3175, 323.7278,  0, 127, 127,  2,  arist
P -446.7054, -78.2408, 321.6344,  0, 127, 127,  2,  artist
P -1393.8037, 439.8622, 453.7243,  240, 0, 0,  2,  dreamer
P -1552.7338, -7.4675, 353.6849,  240, 0, 0,  2,  dreamer
P -565.0425, -838.0372, 230.7689,  0, 0, 0,  2,  urn
P -3011.6672, -1054.1466, 556.9319,  0, 127, 0,  2,  protector
P -1328.7010, -1092.4900, 345.0751,  240, 0, 0,  2,  dreamer
P -29.0000, -1147.0000, 204.6653,  240, 0, 0,  2,  dreamer
P -1790.0520, -1505.0000, 440.6639,  0, 127, 127,  2,  artist
P -1805.7343, -1434.4712, 431.4882,  0, 127, 127,  2,  artist
P -1326.0054, -956.9541, 339.3264,  0, 127, 127,  2,  artist
P -4105.2329, -1098.7665, 702.2455,  0, 127, 0,  2,  protector
P -4097.9946, -1157.3175, 686.1570,  0, 127, 0,  2,  protector
P -55.6318, -1222.9001, 175.7518,  240, 0, 0,  2,  dreamer
