P 196.2250, 6.5864, 83.9697,  240, 0, 0,  2,  Spires_Twins
P 119.8289, -149.6362, -26.9990,  240, 0, 0,  2,  an_unbound_shadow
P -310.6506, -49.7772, -10.9462,  240, 0, 255,  2,  R2_Spawn
P -134.6195, -240.4094, -40.9677,  240, 0, 0,  3,  a_warped_slave
P -232.0120, 104.6081, -117.1518,  240, 0, 0,  3,  Conglomeration
P 207.0085, -87.2203, -141.2353,  240, 0, 0,  3,  Void_Worm
P 164.6847, 56.8412, -107.9677,  240, 0, 0,  3,  A_failed_golem
P -171.8647, 90.0078, -69.9677,  240, 0, 0,  3,  A_perfected_bone_golem
P 3.2874, 5.2206, 0.0010,  240, 0, 0,  3,  Ikksath_the_Mindful
P 26.3567, -112.0247, -51.5211,  240, 0, 0,  2,  Trio
P 6.9800, -1.3419, 42.1685,  240, 0, 0,  2,  Ikksath's_Experiment
P -167.0858, -147.5802, 0.4299,  0, 127, 127,  2,  wait_here_for_R2_spawn
P 91.7531, 176.9487, -25.9990,  240, 0, 0,  2,  a_reanimated_priest
P 296.2143, 130.3843, -25.9990,  240, 0, 0,  2,  Researcher_Thek'rak
