P -3450.0000, 22.0000, 0.0000,  0, 127, 127,  2,  Warlord_Orglir
P -1264.0000, 283.0000, 0.0000,  0, 127, 127,  2,  Tracker_Orlin
P -376.0000, -196.0000, 0.0000,  0, 127, 127,  2,  The_Bloodclaw_Flameseer
P -1223.0000, 278.0000, 0.0000,  0, 127, 127,  2,  Rolt_Leafwyne
P 1705.0000, -1092.0000, -1.0000,  0, 127, 127,  2,  Researcher_Talban
P -3819.0000, 729.0000, 0.0000,  0, 127, 127,  2,  Nalansar
P -1615.0000, 520.0000, 0.0000,  0, 127, 127,  2,  Lord_Bloodclaw
P 1694.0000, -1069.0000, 0.0000,  0, 127, 127,  2,  Haley_Swansong
P -2843.0000, -1340.0000, 0.0000,  0, 127, 127,  2,  An_insane_brownie
P -1153.0000, 884.0000, 0.0000,  0, 127, 127,  2,  Ambassador_of_Elthannar
P -1150.0000, 900.0000, 0.0000,  0, 127, 127,  2,  Ambassador_of_Bloodclaw
P -2680.0000, -800.0000, 0.0000,  0, 127, 127,  2,  A_silent_shadow
P -3600.0000, -1100.0000, 0.0000,  0, 127, 127,  2,  A_pixie_windsinger
P -3600.0000, -1100.0000, 0.0000,  0, 127, 127,  2,  A_pixie_weaver
P -3600.0000, -1100.0000, 0.0000,  0, 127, 127,  2,  A_pixie_songwarden
P -3600.0000, -1100.0000, 0.0000,  0, 127, 127,  2,  A_pixie_harpist
P -2070.0000, -2529.0000, 0.0000,  0, 127, 127,  2,  A_pale_discoloured_stalk
P -2060.0000, -1460.0000, 0.0000,  0, 127, 127,  2,  A_bloodclaw_wanderer
P -3837.0000, 757.0000, 0.0000,  0, 127, 127,  2,  A_bloodclaw_spiritist
P -1680.0000, 526.0000, 0.0000,  0, 127, 127,  2,  A_bloodclaw_soothsayer
