P 1850.0787, 14.5566, 130.0023,  128, 0, 128,  2,  The_Last_(end)
P 1845.2310, -137.3828, 130.0010,  0, 0, 0,  2,  The_Third
P 1712.2627, 19.5038, 130.0041,  0, 0, 0,  2,  The_Second
P 1848.0714, 142.1730, 130.0010,  0, 0, 0,  2,  The_First
P 578.2297, 279.1120, -45.6346,  0, 0, 0,  2,  The_Choice
P 267.9809, -300.7488, -82.2622,  0, 0, 0,  2,  The_Healer
P -66.2032, 273.4301, -109.8503,  0, 0, 0,  2,  The_Sorcerer
P -822.6996, 343.7842, -231.1730,  0, 0, 0,  2,  The_Challenge
P -1598.3082, -48.3932, -329.7159,  0, 0, 0,  2,  The_Guide
P -1639.0000, -19.0000, -338.5895,  128, 0, 128,  2,  starting_point
