P 7566.0000, -1017.0000, 0.0000,  0, 127, 127,  2,  Redmaw_(adept)
P -8573.0000, 2901.0000, 0.0000,  0, 127, 127,  2,  Voice_of_Tarhyl
P -7962.0000, 1915.0000, 0.0000,  0, 127, 127,  2,  Voice_of_Tarhansar
P -8465.0000, 2252.0000, 0.0000,  0, 127, 127,  2,  Voice_of_Sivyana
P -7771.0000, 2539.0000, 0.0000,  0, 127, 127,  2,  Voice_of_Sihala
P -8298.0000, 2227.0000, 0.0000,  0, 127, 127,  2,  Voice_of_Shojar
P -8155.0000, 2563.0000, 0.0000,  0, 127, 127,  2,  Voice_of_Shiritri
P -8256.0000, 2643.0000, 0.0000,  0, 127, 127,  2,  Voice_of_Marlow
P -7949.0000, 2519.0000, 0.0000,  0, 127, 127,  2,  Voice_of_Gradalsh
P -8465.0000, 2252.0000, 0.0000,  0, 127, 127,  2,  Voice_of_Althuna
P 9190.0000, -256.0000, 0.0000,  0, 127, 127,  2,  Sergeant_Silyna
P 7877.7666, -1308.1051, 125.9838,  0, 0, 0,  2,  Seeker_Tresaria_(MQ)
P -7648.0000, 2108.0000, 0.0000,  0, 127, 127,  2,  Priest_Jelnaz
P 9352.0000, -575.0000, 15.0000,  0, 127, 127,  2,  High_Trader_Shoriva
P 7880.0000, -1310.0000, -130.0000,  0, 127, 127,  2,  An_elemental_summoning
