P 900.0000, -600.0000, 0.0000,  0, 127, 127,  2,  A_wailing_spectre
P -860.0000, -1151.0000, -42.0000,  0, 127, 127,  2,  Apprentice_Vaceth_(Relics)
P -868.0000, -1154.0000, -20.0000,  0, 127, 127,  2,  Avilus_the_Librarian_(Tomes)
P -760.0000, -940.0000, -50.0000,  0, 127, 127,  2,  Botanist_Kini
P -550.0000, -12226.0000, -39.0000,  0, 127, 127,  2,  Eskig_the_Charm_Trader
P -724.0000, -1080.0000, -37.0000,  0, 127, 127,  2,  Fortune_Vel'Amia
P -686.0000, -1234.0000, -34.0000,  0, 127, 127,  2,  High_Seeker_Gavin
P -233.0000, -484.0000, 40.0000,  0, 127, 127,  2,  Krigok_Prappit
P -837.0000, -805.0000, -23.0000,  0, 127, 127,  2,  Lady_Shaina
P -417.0000, -1172.0000, -40.0000,  0, 127, 127,  2,  Seeker_Gazu
P -500.0000, -900.0000, -123.0000,  0, 127, 127,  2,  Seeker_Guard_Findig
P -832.0000, -947.0000, -123.0000,  0, 127, 127,  2,  Seeker_Guard_Findig
P -870.0000, -1150.0000, -18.0000,  0, 127, 127,  2,  Seeker_Herina
P -741.0000, -965.0000, -50.0000,  0, 127, 127,  2,  Seeker_Igdub
P -823.0000, -947.0000, -80.0000,  0, 127, 127,  2,  Seeker_Iggib
P -461.0000, -1216.0000, -39.0000,  0, 127, 127,  2,  Seeker_Rizze
P -525.0000, -1222.0000, -39.0000,  0, 127, 127,  2,  Storekeep_Macinth
P -455.5175, -861.7766, -123.8882,  0, 0, 0,  2,  Seeker_Tomina_Greyscar
P -854.7479, -983.7744, -69.8127,  0, 0, 0,  2,  Victoria_Cromwell
