P -507.3596, -1483.0681, -265.2625,  0, 127, 0,  2,  Piece_of_the_Lamp
P -200.7722, -1609.2938, -263.9199,  240, 240, 0,  2,  Wrath
P -380.6671, -319.9960, -167.1625,  0, 0, 127,  2,  Merchant
P -440.5742, -165.8943, -169.1090,  0, 240, 240,  2,  Jewelcrafter
P -403.2195, -1424.3447, -278.6006,  240, 0, 0,  2,  Salah_2nd_spawn_point
P -161.1184, 1103.2388, -64.1554,  0, 0, 0,  2,  A_Strange_Aura
P 1035.5294, 1660.9393, -215.8740,  0, 0, 0,  2,  A_Strange_Aura
P -1098.2223, 587.2898, -182.1131,  0, 0, 0,  2,  A_Strange_Aura
P -166.1469, 1122.3456, -64.6552,  128, 0, 128,  2,  Port_in
P -875.7544, 857.3549, -181.1456,  0, 0, 0,  2,  setup_for_BW
