P 1449.3102, 1118.7191, -190.7257,  0, 0, 0,  2,  Malekeh_Maysun_Rida
P -147.5797, -1356.8367, -270.0921,  240, 0, 0,  2,  Eye_of_Tarhyl
P 45.7756, -804.7083, -173.1100,  240, 0, 0,  2,  Mephitkalia
P -319.5686, -312.9792, -37.9945,  240, 0, 0,  2,  Valiahd_Faruq_Hakim
P -511.8118, -441.7922, -118.7308,  240, 240, 0,  2,  Captain_of_the_Gate,_Nabhan
P -322.6846, -719.5952, -158.9317,  240, 0, 0,  2,  Salah_Shihab-dowleh
P -529.2725, -1351.6534, -459.6360,  240, 0, 0,  2,  The_Ambassador_of_Hakim
P -266.1245, -250.3085, -168.5459,  0, 0, 127,  2,  Historian_Fatin
P -1153.8529, -464.0683, -84.2580,  240, 0, 0,  2,  Jherek
P -1627.2029, -1039.8071, -156.1997,  240, 0, 0,  2,  Ymir,_the_Imprisoned
P -1429.9272, 379.6942, -167.4958,  240, 0, 0,  2,  Raigol
P -758.5409, 306.0228, -163.0021,  240, 0, 0,  2,  Raizol
P -655.2361, 837.6910, -182.5171,  240, 240, 0,  2,  a_fiend_touched_Suhayb_(roamer)
P 548.0656, 1324.5492, -124.8740,  0, 0, 0,  2,  The_Guardian_Mephit
