P 1253.6060, 1027.3943, 123.5399,  240, 0, 0,  2,  Alpha_Wolf_Jeremiah
P 4279.1846, -3904.9067, 0.0010,  240, 0, 0,  2,  Before_You_Wake
P 427.2107, 3572.3123, 171.0085,  240, 0, 0,  3,  Dis,_Daughter_of_Marlow
P 4447.0000, -3630.0000, 171.0000,  0, 127, 127,  3,  Kelethin_&_Nagthilian
P 1591.0000, -1075.0000, 0.0000,  0, 127, 127,  2,  Larel_Ir'corenn
P 4550.1597, -5096.4185, 2.7282,  240, 0, 0,  2,  The_Bogeyman
P -178.1465, -1597.2284, -25.6474,  240, 0, 0,  2,  The_Lurk
P -990.0000, -1029.0000, 275.0000,  0, 127, 127,  3,  Vharsos_Roc,_The_Falling_Dream
P 493.4110, -1453.9531, 164.3135,  240, 0, 0,  2,  Wormwood,_The_Hanging_Tree
P 1177.3507, 1127.8070, 122.0468,  240, 0, 0,  2,  Xaxaxan,_The_Unburied_Dead
P 4548.9287, -5937.4761, 0.0010,  240, 0, 0,  2,  Halial_the_Blind
P 1480.7762, 2576.0225, 170.9826,  240, 0, 0,  3,  Before_You_Wake
