P -384.0647, 1552.2509, 81.8195,  0, 0, 0,  2,  4th
P -109.0117, 1627.3452, 108.3910,  0, 0, 0,  2,  3rd
P 151.3571, 1464.7490, 168.9348,  0, 0, 0,  2,  2nd
P 300.2341, 1149.4948, 122.2408,  0, 0, 0,  2,  1st
P -563.4262, -198.5350, 208.2510,  240, 240, 240,  2,  NPC,_Dreamcatcher_spider
P 1566.3950, -1093.5355, 117.8513,  240, 240, 240,  2,  NPC,_way_to_Halial_&_Bogeyman
P 445.4112, -2464.5747, -251.8848,  0, 0, 0,  2,  trash_behind_dune
P 190.3407, -2549.1277, -200.7450,  0, 0, 0,  2,  trash_behind_dune
P -147.1049, -2267.4280, -128.4365,  0, 0, 0,  2,  trash_behind_rock
P 586.2060, -4514.2827, -109.3648,  240, 0, 0,  2,  red_trash_tree
P -668.9776, -4295.9185, -131.5654,  240, 0, 0,  2,  red_trash_tree
P -1622.2058, -4093.6450, 31.5086,  240, 0, 0,  2,  red_trash_tree
P -1226.1090, -3862.3540, 17.8742,  0, 0, 0,  2,  trash_behind_rock
P -1363.0706, -3732.6716, 32.9832,  0, 0, 0,  2,  trashbehind_rock
P -937.4847, -3578.7686, -97.1046,  0, 0, 0,  2,  zombie_behind_the_rock
P -1310.1462, -2486.7227, -89.0491,  240, 0, 0,  2,  red_trash_tree
P -110.2723, -3486.1563, -147.1240,  0, 0, 0,  2,  trash_behind_the_rock
P -188.5257, -1848.2813, -113.0444,  0, 0, 0,  2,  fall,_cavern_entrance
P 493.4110, -1453.9531, 164.3135,  240, 0, 0,  2,  Wormwood
P 372.3701, -1924.0802, 111.2233,  0, 0, 0,  2,  trash_behind_rock
P 733.1240, -2438.1245, -209.2720,  0, 0, 0,  2,  fall,_zombie_just_under
P 715.7399, -2953.7825, -145.4832,  0, 0, 0,  2,  trash_behind_rock
P 25.6718, 26.1909, 20.9809,  240, 240, 240,  2,  NPC
P 4373.3726, -4134.9917, 0.0010,  0, 0, 0,  2,  evac_spot
P 1313.5771, 1598.3391, 137.2780,  240, 240, 240,  3,  NPC_to_Banshees,_Dis,_Before_you_Wake
P -144.7246, 1786.5652, -178.1829,  0, 0, 0,  2,  Lurk_2nd_Spawn_Point
P 4148.2646, -3636.7095, 0.0010,  0, 0, 0,  2,  Dis,_Daughter_of_Marlow_(quest)
P 1590.9442, -1075.4150, 122.4356,  0, 0, 0,  2,  Larel,_Hail_to_port_to_hedge_maze
P 4136.4590, -4590.0054, 9.5619,  0, 0, 0,  2,  Hedgemaze_Entrance-Boogeyman
P 4555.4468, -4109.4844, 0.0010,  0, 0, 0,  2,  Marlow_Port
P 4361.6812, -4128.6611, 0.0010,  0, 0, 0,  2,  Realm_Port
P 4648.1406, -4238.8750, 0.0010,  0, 0, 0,  2,  Boogeyman_Port
P 4648.5254, -4311.8555, 0.0010,  0, 0, 0,  2,  Halial_the_Blind_Port
P 4146.0952, -5612.5444, 0.0010,  0, 0, 0,  2,  Hedgemaze_Entrance-Halial
P 4422.6099, -4378.7554, 0.0010,  0, 0, 0,  2,  Keletehin/Nagthilian_Port
P 4134.6050, -4202.1621, 0.0010,  0, 0, 0,  2,  Vharsos_Port
P 4320.4263, -4364.6797, 0.0010,  0, 0, 0,  2,  Dis_Port
P 1300.1151, 1600.6646, 140.6449,  0, 0, 0,  2,  Hail_to_get_to_Prince
