P -105.0000, -4990.0000, 0.0000,  0, 127, 127,  2,  Warden_Tarval
P -186.0000, -5071.0000, 0.0000,  0, 127, 127,  2,  Warden_Tarval_(day)
P -1096.0000, -347.0000, 0.0000,  0, 127, 127,  2,  Velda
P -1096.0000, -347.0000, 0.0000,  0, 127, 127,  2,  Sothin
P 850.0000, -1057.0000, 0.0000,  0, 127, 127,  2,  Sergeant_Eldrig
P -60.0000, -513.0000, 0.0000,  0, 127, 127,  2,  Reconcillator_Arya
P 1099.0000, -349.0000, 0.0000,  0, 127, 127,  2,  Meldin
P -1034.0000, -4567.0000, -21.0000,  0, 127, 127,  2,  Holnyr
P -765.0000, -4985.0000, 0.0000,  0, 127, 127,  2,  Helleron_of_the_Plains
P 890.0000, -4720.0000, 0.0000,  0, 127, 127,  2,  A_roaming_thief
P 1035.0000, -475.0000, 0.0000,  0, 127, 127,  2,  A_Hired_Tracker
