P -2394.0000, -902.0000, 5.0000,  0, 127, 127,  2,  A_bandit_miner
P -1830.0000, -983.0000, 5.0000,  0, 127, 127,  2,  A_bandit_miner
P -1890.0000, -988.0000, 5.0000,  0, 127, 127,  2,  A_bandit_miner
P 2256.0000, 467.0000, 0.0000,  0, 127, 127,  2,  A_called_skeleton
P 2256.0000, 467.0000, 0.0000,  0, 127, 127,  2,  A_called_wizard
P -2140.0000, 1750.0000, 0.0000,  0, 127, 127,  2,  A_malevolent_gargoyle
P -1960.0000, 1900.0000, 0.0000,  0, 127, 127,  2,  A_pale_bandit
P -1960.0000, 1900.0000, 0.0000,  0, 127, 127,  2,  An_obsidian_gargoyle
P -1078.0000, 1830.0000, 131.0000,  0, 127, 127,  2,  Burnog_the_Poor
P 2256.0000, 467.0000, -3.0000,  0, 127, 127,  2,  Caller_of_the_Dead
P 2410.0000, -1030.0000, 1.0000,  0, 127, 127,  2,  Eranos_Nel`Tav
P -1078.0000, 1830.0000, 131.0000,  0, 127, 127,  2,  Fornog_the_Wealthy
P 821.8140, -3027.2107, 116.6078,  0, 0, 0,  2,  Makaani_of_the_Order
P 1311.0000, -4050.0000, 0.0000,  0, 127, 127,  2,  Raider_Gorbena
P -847.0444, -4316.2827, 2.2815,  0, 0, 0,  2,  Raider_Kroztash
P -903.0243, -4113.7246, -0.0191,  0, 0, 0,  2,  Raider_Shertina
P 905.2659, -1637.7072, -0.2217,  0, 0, 0,  2,  Raider_Shrissar
P -1429.1208, -3954.6365, -1.5775,  0, 0, 0,  2,  Raider_Vexath
P -1261.0000, -3057.0000, 0.0000,  0, 127, 127,  2,  Reconcillator_Malai
P 821.2748, -2954.9565, 114.0126,  0, 0, 0,  2,  Supreme_Warlord_Ssreer
P 1364.0000, -3952.0000, 0.0000,  0, 127, 127,  2,  Truula
P -814.1716, -2155.0127, 25.9451,  240, 0, 0,  2,  The_Wind_Hag_(adept)
