P 310.0000, -270.0000, 3.0000,  0, 127, 127,  2,  A_listless_halfling
P 170.0000, -80.0000, 5.0000,  0, 127, 127,  2,  Banker_Eika
P 315.0000, -232.0000, 3.0000,  0, 127, 127,  2,  Captain_Algo
P 160.0000, -90.0000, 47.0000,  0, 127, 127,  2,  Commander_Dradin
P 70.0000, 20.0000, 3.0000,  0, 127, 127,  2,  Defender_Joddin
P 42.0000, -159.0000, 0.0000,  0, 127, 127,  2,  Innkeeper_Fella
P 153.0000, -157.0000, 7.0000,  0, 127, 127,  2,  Jordor_the_Lost
P 340.0000, -320.0000, 3.0000,  0, 127, 127,  2,  Ned_Timsis
P 120.0000, 0.0000, 3.0000,  0, 127, 127,  2,  Town_Crier
P 657.0847, -255.8164, -1.9990,  0, 0, 0,  2,  Yekla_the_Unhinged
P 194.7458, 251.1941, -11.9990,  0, 0, 0,  2,  Fendra_the_Scribe
