P 335.8924, 1640.1442, -182.2935,  0, 0, 0,  2,  A_crush_golem
P -186.5192, 480.7169, -179.9364,  0, 0, 0,  2,  Titzilla
P 331.6121, 1323.2837, -103.9677,  0, 0, 0,  2,  A_froglok_cabalist
P 98.0000, 1280.0000, 0.0000,  0, 127, 127,  2,  Sporemaster_Xx'ch'xx'n
P -140.0000, 1330.0000, -175.0000,  0, 127, 127,  2,  An_old_froglok
P -368.0000, 1317.0000, 0.0000,  0, 127, 127,  2,  An_icy_cube
P -243.0000, 1412.0000, 0.0000,  0, 127, 127,  2,  A_spectral_froglok
P -141.0000, 963.0000, 0.0000,  0, 127, 127,  2,  A_gelatinous_cube
P -782.0000, 935.0000, -37.0000,  0, 127, 127,  2,  A_froglok_bard
P -141.0000, 963.0000, 0.0000,  0, 127, 127,  2,  A_crypt_golem
P 400.0000, 1085.0000, 0.0000,  0, 127, 127,  2,  A_blind_historian
