P 237.4003, -643.8580, 8.7248,  0, 0, 240,  2,  Balaam
P 806.1302, -240.6546, 0.0010,  0, 0, 240,  2,  Architect_Wabomund
P 710.3620, -738.9404, -50.2822,  0, 0, 240,  2,  The_Mountain_King_(in_lava)
P 711.2236, -619.4635, 2.3294,  0, 0, 240,  2,  Advisor_Cubacu
P 465.9683, -926.2714, 0.0010,  0, 0, 240,  2,  Researcher_Damont
P 541.0226, -700.0266, 13.7180,  0, 0, 240,  2,  Baphomet
P 459.1353, -376.1297, 15.0010,  0, 0, 240,  2,  Thamuz_the_Underling
P 157.1660, -610.2932, 7.0010,  0, 0, 240,  2,  Weaponmaster_Palgola
P 277.6656, -432.5285, -10.9898,  0, 0, 240,  2,  Scitterchomp
P 277.7829, 391.6846, 8.0010,  0, 0, 240,  2,  The_Hellhound_Emperor
P 298.8614, 259.8069, -17.3385,  0, 0, 240,  2,  Scitterchomp
P 373.7677, -61.4504, -11.2579,  0, 0, 240,  2,  The_Szasz_Queen
P 74.4250, -283.8092, 0.0010,  0, 0, 240,  2,  Digger_O`Uct
P -888.8642, -160.2572, -25.9990,  0, 0, 240,  2,  The_Mistborn
P -808.3122, -85.1050, -33.9981,  0, 0, 240,  2,  The_Blightfiend
P -470.4737, -126.9205, -33.9942,  0, 0, 240,  2,  Nurgath_the_Betrayed
P -292.9389, -175.5873, -19.1166,  0, 0, 240,  2,  a_starving_soul
P -822.2398, -430.2720, -18.7821,  0, 0, 240,  2,  Serlisha_the_Haunted
P -391.5818, -446.4490, -19.9990,  0, 0, 240,  2,  a_starving_soul
P -413.0805, -389.1214, -16.7194,  0, 0, 240,  2,  a_starving_soul
P -166.2848, -425.5894, 17.9108,  0, 0, 240,  2,  Berelek_the_Mist-Struck
P -163.0842, -228.4688, 16.0010,  0, 0, 240,  2,  Shorlish_the_Deranged
P -185.1114, -104.6988, 0.0010,  0, 0, 240,  2,  a_starving_soul
P -121.7721, -114.2740, 6.8242,  0, 0, 240,  2,  a_starving_soul
P -121.8462, 127.1192, 1.0010,  0, 0, 240,  2,  Blurng_the_Destructive
P -459.3727, 5.1628, -4.9990,  0, 0, 240,  2,  Pyromancer_Kashaan
