P 339.0000, 1423.0000, 25.0000,  0, 127, 127,  2,  Advisor_Garathor
P 366.0000, 283.0000, 0.0000,  0, 127, 127,  2,  An_imp_overseer
P 299.0000, 652.0000, -70.0000,  0, 127, 127,  2,  Attendant_Teg
P 343.0000, 656.0000, -69.9588,  0, 0, 240,  2,  Attendant_Tig
P 388.0000, 606.0000, -115.6083,  0, 0, 240,  2,  Boomba_the_Burning
P 260.0000, 1393.0000, -37.9935,  0, 0, 240,  2,  Cliffwatcher_Sathaad
P 824.0000, 1390.0000, 85.0000,  0, 127, 127,  2,  Ganzese_the_Mercenary_(raid)
P -318.0000, 484.0000, -84.0000,  0, 127, 127,  2,  Living_Lava
P -126.0000, 611.0000, -136.0000,  0, 127, 127,  2,  Lurking_Lava
P 386.0000, 1569.0000, 29.0010,  0, 0, 240,  2,  Melwin_the_Malicious
P 394.0000, 164.0000, -30.0366,  0, 0, 240,  2,  a_hiding_goblin
P 365.0000, 1362.0000, -4.9990,  0, 0, 240,  2,  Razlik_the_Door_Guard
P 332.0000, 661.0000, -69.9525,  0, 0, 240,  2,  Zalkoth_the_Imp_Master
P 451.0000, 225.0000, -5.9990,  0, 0, 240,  2,  Flamespitter_Kag
P 331.0000, 584.0000, -74.9423,  0, 0, 240,  2,  a_cackling_fire_imp
P 694.0000, 1113.0000, 23.0010,  0, 0, 240,  2,  Brazdu_the_Ritual_Guard
P 697.0000, 1061.0000, 23.0010,  0, 0, 240,  2,  Flagu_the_Ritual_Guard
