P -1230.0000, -1295.0000, -22.0000,  0, 127, 127,  2,  A_traveller
P -1393.0000, 1221.0000, 0.0000,  0, 127, 127,  2,  Araghin_Vahl
P -1050.0000, 1440.0000, 0.0000,  0, 127, 127,  2,  Graldin_Furble
P -1420.0000, 1240.0000, -23.0000,  0, 127, 127,  2,  Haryn_Rehn
P -1270.0000, 1280.0000, -23.0000,  0, 127, 127,  2,  Lyjan_Vahl
P -555.0000, -478.0000, 0.0000,  0, 127, 127,  2,  Merchant's_Corpse
P -1357.0000, 1236.0000, 0.0000,  0, 127, 127,  2,  Mira_Shahar
P -1290.0000, 1240.0000, -22.0000,  0, 127, 127,  2,  Nevaldan_Rehn
P -1320.0000, 1310.0000, -23.0000,  0, 127, 127,  2,  Okyarna_Rehn
P -1370.0000, 1290.0000, -23.0000,  0, 127, 127,  2,  Ryhajin_Kajek
P -1400.0000, -1200.0000, -820.0000,  0, 127, 127,  2,  Sand_Dancer
P -1353.0000, 1286.0000, 0.0000,  0, 127, 127,  2,  Shaylan_Nairu
P -1028.0000, 1448.0000, 0.0000,  0, 127, 127,  2,  Tongu
P 681.0000, -1617.0000, 0.0000,  0, 127, 127,  2,  Vahir_Ghan
P 681.0000, -1617.0000, 0.0000,  0, 127, 127,  2,  Vahir_Rahkahl
P -1400.0000, 1250.0000, -23.0000,  0, 127, 127,  2,  Yejhana_Rehn
