P -53.7783, 135.1689, 154.0010,  240, 0, 0,  2,  Uriton_the_Damned_(part_3)
P -246.5996, 147.2904, 84.0010,  240, 240, 240,  2,  Uritons_Trophy_Cache
P 286.7789, 510.2548, 90.0010,  240, 240, 240,  2,  secret_passage
P 235.2444, -1237.5579, 56.0010,  128, 0, 128,  2,  Port_in
P -366.3444, -164.4521, 96.0010,  240, 0, 0,  2,  Uriton_the_Dark_(part_2)
P -197.3389, 146.8880, 95.0010,  0, 0, 0,  2,  locked_door_(to_part_2)
P -240.5131, -41.0650, 84.0010,  0, 0, 0,  2,  give_heavy_burden_to_orb_(for_part_3)
P -219.7838, -23.9213, 56.0010,  240, 0, 0,  2,  Uriton_the_Forgiven_(part_1)
P 745.7163, 883.0900, 56.0010,  0, 0, 0,  2,  wisp
P 694.6642, 946.8399, 56.0010,  0, 0, 0,  2,  wisp
P 696.5345, 915.8610, 84.0010,  240, 240, 240,  2,  corpsecall_area
P 338.9506, -1054.4014, 222.0010,  240, 240, 240,  2,  Altaan_ports_raid_here
P 16.1164, -984.4264, 56.0010,  0, 0, 0,  2,  fall_out_this_window
