P 4740.0000, -1110.0000, 179.0000,  127, 0, 0,  2,  Faded_Scroll
P -1400.0000, 220.0000, -17.0000,  127, 0, 0,  2,  Murk_Fern
P -1020.0000, 1050.0000, -17.0000,  127, 0, 0,  2,  Murk_Fern
P 1540.0000, -1580.0000, -17.0000,  127, 0, 0,  2,  Murk_Fern
P 3250.0000, -1340.0000, 35.0000,  127, 0, 0,  2,  Murk_Fern
P 2860.0000, -1270.0000, -13.0000,  127, 0, 0,  2,  Murk_Fern
P 240.0000, 210.0000, -13.0000,  127, 0, 0,  2,  Scrap_Of_Gruplok_Scales
P 1810.0000, -10.0000, -69.0000,  127, 0, 0,  2,  Sticky_Clay_Orb
P 850.0000, 90.0000, -56.0000,  127, 0, 0,  2,  Sticky_Clay_Orb
P 1530.0000, -10.0000, -63.0000,  127, 0, 0,  2,  Sticky_Clay_Orb
P 2470.0000, -1380.0000, -99.0000,  127, 0, 0,  2,  Sticky_Clay_Orb
