P -3770.0000, -110.0000, 92.0000,  0, 127, 127,  2,  A_baby_murkwater_serpent
P -2870.0000, 3050.0000, 0.0000,  0, 127, 127,  2,  A_calm_plot_of_earth
P -1780.0000, -1940.0000, 12.0000,  0, 127, 127,  2,  A_corpulent_murk_leech
P -1500.0000, 1760.0000, 12.0000,  0, 127, 127,  2,  A_corpulent_murk_leech
P -540.0000, -120.0000, 12.0000,  0, 127, 127,  2,  A_corpulent_murk_leech
P 1050.0000, 1040.0000, 28.0000,  0, 127, 127,  2,  A_demented_gruplok
P 4020.0000, -410.0000, 198.0000,  0, 127, 127,  2,  A_grotesque_murk_leech
P -1030.0000, 1240.0000, -6.0000,  0, 127, 127,  2,  A_muddy_grave
P -1570.0000, -3820.0000, 0.0000,  0, 127, 127,  2,  A_slaughtered_Gruplok_youth
P 210.0000, -550.0000, -15.0000,  0, 127, 127,  2,  A_slumbering_murk_flower
P -1570.0000, -3820.0000, 0.0000,  0, 127, 127,  2,  A_tormented_Gruplok
P 1940.0000, 730.0000, 27.0000,  0, 127, 127,  2,  Apprentice_Kallepo
P 1533.0000, 1213.0000, 39.0000,  0, 127, 127,  2,  Elder_Sentry_Gruk
P 1856.9719, 1354.1111, 24.0010,  0, 240, 240,  1,  Gaftong
P 1123.8732, 944.8923, 24.0075,  0, 240, 240,  1,  Galak_the_Morbid
P 1925.9581, 1289.7615, 24.0010,  0, 240, 240,  2,  Gartonak_(merch)
P 810.0000, 1140.0000, 27.0000,  0, 127, 127,  2,  Genklog_the_Curious
P 1260.0000, 1057.0000, 28.0000,  0, 127, 127,  2,  Gertund_the_Trapper
P -5800.0000, -208.0000, 28.0000,  0, 127, 127,  2,  Gertund_the_Trapper
P -1920.0000, 2810.0000, -11.0000,  0, 127, 127,  2,  Githpick_The_Deranged
P -1030.0000, 1240.0000, -6.0000,  0, 127, 127,  2,  Gkarlasz_the_Roaring_Whip
P 1290.0000, 1520.0000, 0.0000,  0, 127, 127,  2,  Glakrin_the_Huntsman
P 1164.0000, 1044.0000, 24.0000,  0, 127, 127,  2,  Goplen
P 220.0000, 240.0000, -8.0000,  0, 127, 127,  2,  Grevick_The_Shadowed
P 1354.9459, 1579.4855, 24.0010,  0, 240, 240,  1,  Griklak_the_Blind
P 1014.6100, 1072.8479, 24.0275,  0, 240, 240,  1,  Grisk_the_Recluse
P 1540.5804, 1201.8639, 39.3135,  0, 240, 240,  1,  Grithrai_the_Headman
P 1190.9211, 965.1804, 24.0010,  0, 240, 240,  1,  Grukaki_the_Weak
P 1506.3601, 1015.5595, 24.0010,  0, 240, 240,  1,  Gruki_the_Widower
P 1963.3785, 709.1329, 24.0010,  0, 240, 240,  1,  Gruklikh_the_Apothecary
P 916.2476, 906.6982, 24.0010,  0, 240, 240,  1,  Grukshi_the_Elder
P -650.3600, 2515.2664, -7.6552,  0, 240, 240,  2,  Grupruk_the_Thoughtful
P 1099.7686, 1138.0382, 24.0071,  0, 240, 240,  1,  Gurkshi_the_Younger
P 1790.6038, 1318.1997, 24.0010,  0, 240, 240,  1,  Gvisip_(refuge)
P 1563.4368, 1314.4312, 70.0635,  0, 240, 240,  1,  Healer_Kathrinka
P 1767.6208, 1455.2938, 24.0010,  0, 240, 240,  1,  Historian_Galka
P 1599.5519, 868.2311, 24.0010,  0, 240, 240,  1,  Kaltaki_the_Caring
P 1788.9269, 1484.6055, 24.0010,  0, 240, 240,  1,  Kalunepe_the_Lorekeeper
P 1922.3280, 1171.7362, 24.0010,  0, 240, 240,  1,  Kanruka_the_Quiet
P 1653.8221, 1092.3494, 24.0010,  0, 240, 240,  1,  Karthean
P 1840.0065, 1151.9606, 24.0010,  0, 240, 240,  1,  Kirstap
P 1575.0281, 639.2195, 24.0064,  0, 240, 240,  1,  Kriki
P 1198.4329, 656.6035, 24.0010,  0, 240, 240,  1,  Krinaka_the_Poetess
P 1549.6332, 638.9890, 24.0010,  0, 240, 240,  1,  Krisha
P 1257.7499, 620.1000, 24.0010,  0, 240, 240,  1,  Krithla_the_Ill
P 1653.5753, 961.0328, 24.0010,  0, 240, 240,  1,  Kruala_the_Barren
P 1632.6470, 607.4144, 24.0117,  0, 240, 240,  1,  Krukin_the_Cook
P 1210.0000, 1270.0000, 27.0000,  0, 127, 127,  2,  Krushkala
P 1670.0000, 1270.0000, -21.0000,  0, 127, 127,  2,  Kukrika_the_Midwife
P 1840.0000, 1240.0000, 27.0000,  0, 127, 127,  2,  Lamplighter_Grusalk
P 1670.0000, 690.0000, 27.0000,  0, 127, 127,  2,  Lamplighter_Grusalk
P 1930.0000, 600.0000, 27.0000,  0, 127, 127,  2,  Logistician_Zi`zi
P 1750.0000, 1215.0000, 27.0000,  0, 127, 127,  2,  Mason_Kusenet
P 1600.0000, 1300.0000, 0.0000,  0, 127, 127,  2,  Nursery_Guard_Grathrik
P 1823.0000, 583.0000, 24.0000,  0, 127, 127,  2,  Orphan_Gulun
P 1832.0000, 587.0000, 24.0000,  0, 127, 127,  2,  Orphan_Kinkra
P 1060.0000, 1370.0000, 27.0000,  0, 127, 127,  2,  Rations_Distributor_Gralak
P -2530.0000, -1720.0000, -7.0000,  0, 127, 127,  2,  Ravenous_Hrugtah
P 1836.5624, 427.0944, 24.0010,  0, 240, 240,  1,  Senrty_Giklak
P 1876.7969, 1428.1018, 24.0010,  0, 240, 240,  1,  Sentry_Gulmuka
P 1323.1411, -1698.8239, -6.4838,  240, 240, 240,  2,  shattered_gruplok_remains
P 4514.4824, -980.2795, 186.7284,  240, 0, 0,  2,  Skirish`ka_(raid)
P 4020.0000, -410.0000, 198.0000,  0, 127, 127,  2,  The_Murk_Queen
P 1569.9961, 1352.4534, 70.0635,  0, 240, 240,  1,  Widow_Kistulka
P 1602.4257, 873.7489, 24.0010,  0, 240, 240,  1,  Wounded_Ssentry_Grakti
