P -421.6731, 797.5709, -39.9677,  0, 0, 0,  2,  Vrez
P -119.7867, 1461.1426, -19.3070,  0, 0, 0,  2,  Torzar
P -57.1149, 1180.1250, -19.3962,  0, 0, 0,  2,  Rekat
P 1695.5436, -216.0620, 65.5655,  0, 0, 0,  2,  Nartalzia
P 1692.6182, -417.3649, 110.8013,  0, 0, 0,  2,  Aanshlav
P 1263.3368, 47.5589, 80.7180,  0, 0, 0,  2,  Cillzaia
P 617.4066, 719.8158, 1.4040,  0, 0, 0,  2,  Zaklash
P -1260.6979, 1070.3376, -159.9365,  0, 0, 0,  2,  Sryena
P -286.3018, 1036.4591, -43.0705,  0, 0, 0,  2,  Udino
P 1341.0946, -1812.9258, 159.9385,  0, 0, 0,  2,  Empress_Penerli
P -1358.2424, 1183.1116, -159.9365,  0, 0, 0,  2,  Iltor
P 930.0000, -1730.0000, 180.0000,  0, 127, 127,  3,  Yziar
P -654.0000, 705.0000, -74.0000,  0, 127, 127,  2,  Nightforger_Talziv_(plate)
P -866.0000, 927.0000, -134.0000,  0, 127, 127,  2,  Lightforger_Idarak_(chain)
P -698.0000, 1041.0000, -75.0000,  0, 127, 127,  2,  Iceforger_Yllrag
P 93.0000, 545.0000, -16.0000,  0, 127, 127,  2,  Flameforger_Hazital
