P 1314.0000, -1006.0000, 0.0000,  0, 127, 127,  2,  Cassar_Kajek
P 1311.0000, -763.0000, 0.0000,  0, 127, 127,  2,  Dharnan_Vahl
P 681.0000, -1617.0000, 0.0000,  0, 127, 127,  2,  Garrekh_Rehn
P 676.0000, -1532.0000, 0.0000,  0, 127, 127,  2,  Harresh_Shahar
P 243.0000, -2113.0000, 634.0000,  0, 127, 127,  2,  Healer_Deshuva_Shahar
P 1317.0000, -778.0000, 0.0000,  0, 127, 127,  2,  Hyvek_Vahl
P 12859.0000, -759.0000, 0.0000,  0, 127, 127,  2,  Jhellan_Rhen
P -1370.0000, 1290.0000, 0.0000,  0, 127, 127,  2,  Ryhajin_Kajek
P 1279.0000, -985.0000, 0.0000,  0, 127, 127,  2,  Sasha_Shahar
P 1279.0000, -769.0000, 0.0000,  0, 127, 127,  2,  Vysha_Nairu
P 667.0000, -1604.0000, 0.0000,  0, 127, 127,  2,  Yilsha_Rehn
