P -3650.0000, -280.0000, -332.0000,  0, 127, 127,  2,  A_pile_of_bones
P 130.0000, -1500.0000, -379.0000,  0, 127, 127,  2,  A_wounded_elhasaur
P -4650.0000, -2310.0000, -340.0000,  0, 127, 127,  2,  Alchemist_Kesae
P 4160.0000, 2160.0000, -355.0000,  0, 127, 127,  2,  An_Ikildian_lesser_shaman
P 570.0000, -3500.0000, -347.0000,  0, 127, 127,  2,  An_abandoned_barrel
P 580.0000, -3500.0000, -346.0000,  0, 127, 127,  2,  An_abandoned_box
P -4720.0000, -2320.0000, -340.0000,  0, 127, 127,  2,  Apprentice_Gehrin
P -4730.0000, -2320.0000, -340.0000,  0, 127, 127,  2,  Apprentice_Kelia
P 550.0000, -3480.0000, -350.0000,  0, 127, 127,  2,  Ghatar
P 570.0000, -3480.0000, -349.0000,  0, 127, 127,  2,  Gilli
P -4390.0000, -2200.0000, -327.0000,  0, 127, 127,  2,  Glittermaw
P -4690.0000, -2250.0000, -340.0000,  0, 127, 127,  2,  Gugruble
P -3660.0000, -310.0000, -338.0000,  0, 127, 127,  2,  Heli`ze_the_Hermit
P -4630.0000, -2340.0000, -340.0000,  0, 127, 127,  2,  Stalker_Gelizal
P -2650.0000, 3330.0000, -367.0000,  0, 127, 127,  2,  Triumvir_Ikril_Sel`yks
P -4446.5659, -2864.7898, -355.0492,  0, 0, 0,  2,  trapper
P -3648.8086, -3010.2830, -345.0795,  0, 0, 0,  2,  trapper
