P -1711.8546, 1729.5623, -338.3566,  0, 0, 0,  1,  trapper
P -2857.2551, -3096.6128, -326.4550,  240, 0, 0,  2,  Brood_of_Talin
P -1557.2362, -2225.5925, -146.3889,  0, 0, 0,  1,  trapper
P -202.5795, -1680.9716, -383.2278,  0, 0, 0,  1,  trapper
P -591.2811, -2031.2080, -284.2520,  0, 0, 0,  1,  trapper
P 316.8575, -2409.4290, -337.6826,  0, 0, 0,  1,  trapper
P -70.8644, -3347.4148, -263.1871,  0, 0, 0,  1,  trapper
P -308.0507, -2881.1946, -155.9905,  0, 0, 0,  1,  trapper
P -2830.9204, -3229.4666, -320.9594,  0, 0, 0,  1,  trapper
P -2039.0262, -3152.6401, -260.0810,  0, 0, 0,  1,  trapper
P -3243.1758, -2701.8501, -357.1931,  0, 0, 0,  1,  trapper
P -1501.0573, -3922.5359, -344.4677,  128, 0, 128,  2,  to_Emerald_Jungle
P -4521.1138, -2023.3844, -327.2709,  0, 0, 0,  2,  evac_spot
P -4701.4868, -2284.6006, -341.3610,  0, 0, 0,  2,  bind_spot
P -4494.1138, -1605.8086, -280.3876,  128, 0, 128,  2,  to_Murk
P -3495.8318, -2354.0574, -319.6698,  0, 0, 0,  1,  trapper
P -3395.2666, -1594.5721, -306.8029,  0, 0, 0,  2,  trapper
P -2609.0122, -656.8480, -357.1152,  0, 0, 0,  2,  trapper
P -990.2164, 1119.6930, -341.8662,  0, 0, 0,  1,  trapper
P -2787.7783, 1809.0630, -320.4334,  0, 0, 0,  1,  trapper
