P 60.1619, -596.2545, 16.0010,  0, 0, 0,  2,  stairs_to_roof
P -60.7900, -594.2770, 16.0010,  0, 0, 0,  2,  named?
P -61.6436, -499.8734, 40.9697,  0, 0, 0,  2,  The_Master_Preserver?
P -58.7409, -600.1357, 2.0010,  0, 0, 240,  2,  door_to_basement_(bookshelf)
P 287.7097, -674.0272, -4.9707,  0, 0, 0,  2,  Zark_the_Decaying?
P -90.3093, -551.4935, -26.8646,  0, 0, 0,  2,  trap
P 60.0197, -365.3040, 0.0010,  0, 0, 0,  2,  trap
P -164.4831, -357.1566, 0.0010,  0, 0, 0,  2,  trap
P -229.1969, -367.5484, 0.0010,  0, 0, 0,  2,  trap
P -233.8937, -639.6768, 0.0010,  0, 0, 0,  2,  trap
P -159.2695, -836.6759, 0.0010,  0, 0, 0,  2,  trap
P 179.4259, -827.7828, 0.0010,  0, 0, 0,  2,  trap
P 242.3286, -555.1302, 0.0010,  0, 0, 0,  2,  trap
P 283.0709, -638.9738, -20.1830,  0, 0, 0,  2,  trap
