P -2085.2871, 4226.0684, -171.2802,  0, 0, 0,  2,  Fairy_Queen
P -2051.0000, 3353.0000, -116.0000,  0, 127, 127,  2,  The_Pixie_Queen
P 15.0000, 3662.0000, 0.0000,  0, 127, 127,  2,  The_Gemathian_Master
P 180.0000, 4100.0000, 0.0000,  0, 127, 127,  2,  Jeral
P -1893.0000, 1915.0000, 0.0000,  0, 127, 127,  2,  Dresia_Tuneweaver
P 926.0000, -99.0000, 109.0000,  0, 127, 127,  2,  Afaven
P -2222.0000, 1691.0000, 0.0000,  0, 127, 127,  2,  A_pixie_waywarden
P -2222.0000, 1691.0000, 0.0000,  0, 127, 127,  2,  A_pixie_soldier
P -2222.0000, 1691.0000, 0.0000,  0, 127, 127,  2,  A_pixie
P -2222.0000, 1691.0000, 0.0000,  0, 127, 127,  2,  A_fairy
