P -340.1015, -204.0083, -80.9677,  0, 0, 0,  2,  a_kobold_sorcerer
P -342.3470, -157.5136, -80.9677,  0, 0, 0,  2,  a_kobold_bodyguard
P 160.5648, -335.4947, -68.9677,  0, 0, 0,  2,  a_kobold_noble
P 825.0000, -664.0000, -79.0000,  0, 127, 127,  2,  Mmgrawl
P -986.3188, -24.7895, -87.9677,  0, 0, 0,  2,  an_imp_trickster
P -794.0177, 102.5000, -101.9677,  0, 0, 0,  2,  a_kobold_trapper
P 160.0000, -335.0000, 0.0000,  0, 127, 127,  2,  A_kobold_noble
P -338.2196, -184.7728, -80.9677,  0, 0, 0,  2,  a_kobold_king
P 987.1152, -292.5335, -102.9677,  0, 0, 0,  2,  a_kobold_jailer
P 959.0000, -316.0000, 0.0000,  0, 127, 127,  2,  A_kobold_hunter
P -936.0000, 291.0000, -106.0000,  0, 127, 127,  2,  A_kobold_berserker
